10,
54.4,2.85,-22.92,-20.65,8.2,-19.64,-8.43,-10.07,12.44,-10.92,
2.85,74.56,-22.57,11.27,-5.04,-5.23,-20.16,-21.79,49.4,36.9,
-22.92,-22.57,120.61,1.85,20.28,7.97,22.85,14.6,-81.73,-31.18,
-20.65,11.27,1.85,108.73,-2.72,-12.38,-3.85,-.69,31.39,39.96,
8.2,-5.04,20.28,-2.72,104.02,-11.43,-20.23,-4.33,-51.2,-37.26,
-19.64,-5.23,7.97,-12.38,-11.43,66.77,-10.84,-38.87,-31.19,32.89,
-8.43,-20.16,22.85,-3.85,-20.23,-10.84,52.32,31.09,-3.19,4.76,
-10.07,-21.79,14.6,-.69,-4.33,-38.87,31.09,63.64,-1.29,-21.96,
12.44,49.4,-81.73,31.39,-51.2,-31.19,-3.19,-1.29,106.28,43.1,
-10.92,36.9,-31.18,39.96,-37.26,32.89,4.76,-21.96,43.1,93.32,
