18,
0.494643,0.000000,0.000000,0.000000,0.000000,0.000000,0.000000,0.000000,0.000000,0.000000,0.000000,-0.173214,0.000000,0.000000,0.000000,-0.321429,0.000000,0.000000,
0.000000,1.233697,-0.124999,0.000000,0.000000,0.000000,0.000000,0.000000,0.000000,0.000000,0.000000,0.000000,0.000000,0.000000,0.000000,-0.304349,-0.804349,0.000000,
0.000000,-0.124999,1.821428,-0.500000,-0.125001,0.000000,0.000000,0.000000,0.000000,0.000000,0.000000,0.000000,-0.357142,0.000000,0.000000,0.000000,-0.714285,0.000000,
0.000000,0.000000,-0.500000,1.000000,-0.500000,0.000000,0.000000,0.000000,0.000000,0.000000,0.000000,0.000000,0.000000,0.000000,0.000000,0.000000,0.000000,0.000000,
0.000000,0.000000,-0.125001,-0.500000,1.906249,-0.406248,0.000000,0.000000,0.000000,0.000000,0.000000,0.000000,-0.875000,0.000000,0.000000,0.000000,0.000000,0.000000,
0.000000,0.000000,0.000000,0.000000,-0.406248,1.961264,-0.244697,0.000000,0.000000,0.000000,0.000000,0.000000,-0.146631,0.000000,0.000000,0.000000,0.000000,-1.163688,
0.000000,0.000000,0.000000,0.000000,0.000000,-0.244697,0.833498,-0.255798,0.000000,0.000000,0.000000,0.000000,0.000000,0.000000,0.000000,0.000000,0.000000,-0.333003,
0.000000,0.000000,0.000000,0.000000,0.000000,0.000000,-0.255798,1.826225,-0.314668,0.000000,0.000000,0.000000,0.000000,0.000000,-0.304784,0.000000,0.000000,-0.950975,
0.000000,0.000000,0.000000,0.000000,0.000000,0.000000,0.000000,-0.314668,1.920032,-0.500000,-0.157100,0.000000,0.000000,0.000000,-0.948264,0.000000,0.000000,0.000000,
0.000000,0.000000,0.000000,0.000000,0.000000,0.000000,0.000000,0.000000,-0.500000,1.000000,-0.500000,0.000000,0.000000,0.000000,0.000000,0.000000,0.000000,0.000000,
0.000000,0.000000,0.000000,0.000000,0.000000,0.000000,0.000000,0.000000,-0.157100,-0.500000,1.778278,-0.351669,0.000000,-0.433031,-0.336478,0.000000,0.000000,0.000000,
-0.173214,0.000000,0.000000,0.000000,0.000000,0.000000,0.000000,0.000000,0.000000,0.000000,-0.351669,1.792748,0.000000,-0.595568,0.000000,-0.672297,0.000000,0.000000,
0.000000,0.000000,-0.357142,0.000000,-0.875000,-0.146631,0.000000,0.000000,0.000000,0.000000,0.000000,0.000000,3.567054,-0.319514,-0.496690,0.000000,-0.739831,-0.632245,
0.000000,0.000000,0.000000,0.000000,0.000000,0.000000,0.000000,0.000000,0.000000,0.000000,-0.433031,-0.595568,-0.319514,3.702529,-0.819560,-0.764532,-0.770324,0.000000,
0.000000,0.000000,0.000000,0.000000,0.000000,0.000000,0.000000,-0.304784,-0.948264,0.000000,-0.336478,0.000000,-0.496690,-0.819560,3.651593,0.000000,0.000000,-0.745817,
-0.321429,-0.304349,0.000000,0.000000,0.000000,0.000000,0.000000,0.000000,0.000000,0.000000,0.000000,-0.672297,0.000000,-0.764532,0.000000,2.829091,-0.766484,0.000000,
0.000000,-0.804349,-0.714285,0.000000,0.000000,0.000000,0.000000,0.000000,0.000000,0.000000,0.000000,0.000000,-0.739831,-0.770324,0.000000,-0.766484,3.795274,0.000000,
0.000000,0.000000,0.000000,0.000000,0.000000,-1.163688,-0.333003,-0.950975,0.000000,0.000000,0.000000,0.000000,-0.632245,0.000000,-0.745817,0.000000,0.000000,3.825728,
