10,
45.86,-8.18,-35.07,25.05,-30.66,-19.18,2.79,-47.95,-23.85,-55.05,
-8.18,96.8,1.36,-33.11,16.43,69.94,13.8,39.46,62.22,58.3,
-35.07,1.36,96.54,-39.34,31.2,-7.05,-31.85,29.35,1.28,11.21,
25.05,-33.11,-39.34,57.94,-11.1,-42.14,-1.78,-5.89,-19.69,-26.56,
-30.66,16.43,31.2,-11.1,62.36,12.77,24.3,45.7,6.4,46.08,
-19.18,69.94,-7.05,-42.14,12.77,80.04,19.67,33.45,47.92,56.82,
2.79,13.8,-31.85,-1.78,24.3,19.67,75.62,-14.18,-20.87,16.64,
-47.95,39.46,29.35,-5.89,45.7,33.45,-14.18,104.19,64.97,84.69,
-23.85,62.22,1.28,-19.69,6.4,47.92,-20.87,64.97,110.05,54.77,
-55.05,58.3,11.21,-26.56,46.08,56.82,16.64,84.69,54.77,112.86,
